989442304081358970
13731562395050730553
7231389963579358519
7900626880344149953
2875812240646856819
10754903990033905506
1957883853464628787
9351333069647075799
14248621601674318688
492887475373469376
448221571012895045
4401821722352212488
680598000346335463
12390318386768733120
8552242859301097950
4647470626168825650
13924770631288683981
7163660888865480543
1665046330090206553
12691843177041534231
1150756325737631812
1889370419826257683
4039026253124265645
3186054144515101816
6262099926297531267
10279458230490523282
9072346825443649432
5760919703948562810
1933241606014706238
7949880168901120857
3237631304731696578
12593282541083643657
1101855727280287542
307476856164749788
5385648126983602242
5802968997166396539
13306840285041105181
4170185344051680471
5039188899874627775
14818387351716569869
2696733013022968252
1723017524559030708
7838075083798007972
705479442412624169
577247294893292833
8631671486438074136
7434563431647740297
4401821722352212488
13631020013332205328
7481205336614228095
4855541080371748757
1300676477372830203
7059740687803985669
9650320478684777718
1611310504127368790
14882449864386167918
8493954185553654007
5092375588522991723
5876566317369550303
2406426365572911672
13061723298908212173
8396989353031485958
8707371277760837742
10095313569754347014
13281301135700092369
9636879099476961442
3616685882857367640
4759945141344145131
12554899818715051797
3161329851700748610
13976071179786266957
7609469856782171039
14698774832649620334
3786897205547608932
2797748756329257271
12230102354584440540
5908656724839959029
